1.000000
1.000000
0.999260
1.000000
1.000000
0.999284
1.000000
0.999221
0.999291
1.000000
1.000000
0.999252
1.000000
1.000000
1.000000
1.000000
1.000000
1.000000
1.000000
1.000000
0.998826
0.995595
0.998221
0.985075
0.996183
1.000000
0.998358
0.994269
0.986047
0.997056
0.992366
0.997680
1.000000
0.991667
0.997828
0.986395
0.986842
0.997881
0.986111
0.996503
0.972222
1.000000
0.998883
1.000000
0.995910
0.997396
0.996094
0.998873
0.993174
0.998773
0.982955
0.997368
0.997519
1.000000
0.997921
0.996016
1.000000
0.994975
0.993289
1.000000
1.000000
0.999103
1.000000
1.000000
1.000000
1.000000
1.000000
1.000000
1.000000
1.000000
1.000000
1.000000
0.999088
1.000000
1.000000
1.000000
1.000000
1.000000
1.000000
1.000000
0.989362
0.995652
0.993435
0.985294
1.000000
0.989189
0.993103
0.997183
0.991304
0.992000
0.995662
0.979866
1.000000
0.980519
0.980519
0.997712
0.989474
0.995146
0.979167
0.998758
0.994949
0.998039
0.995842
0.996942
0.994667
0.969072
0.997333
0.996000
0.991416
0.993475
1.000000
0.997245
0.995192
0.995025
0.996739
0.997076
0.993590
1.000000
0.989011
1.000000
1.000000
1.000000
1.000000
0.998652
1.000000
1.000000
1.000000
1.000000
1.000000
1.000000
0.999070
1.000000
1.000000
1.000000
1.000000
1.000000
1.000000
1.000000
1.000000
1.000000
1.000000
0.998208
0.997599
0.998993
0.998636
1.000000
0.998866
1.000000
0.993846
1.000000
1.000000
1.000000
0.997914
1.000000
0.998822
1.000000
0.998994
1.000000
0.997899
0.997312
0.285714
0.777778
0.333333
0.000000
0.800000
0.000000
0.785714
0.000000
0.000000
0.000000
0.500000
0.818182
0.000000
0.642857
0.000000
0.375000
0.571429
0.000000
0.000000
0.000000
0.997024
0.995050
0.998937
0.998965
0.994118
0.989637
0.997895
0.991597
0.994609
0.996674
0.995910
1.000000
0.997947
0.992308
0.996037
0.997669
0.980861
1.000000
0.985423
1.000000
1.000000
0.000000
1.000000
0.957447
1.000000
0.850000
0.973684
1.000000
1.000000
1.000000
0.999070
0.998832
0.894737
0.909091
1.000000
0.998951
0.869565
1.000000
1.000000
1.000000
0.997596
1.000000
1.000000
0.997006
0.998175
0.998004
0.998906
0.995833
0.997333
0.993399
1.000000
0.998279
0.998845
1.000000
0.997817
1.000000
0.997895
1.000000
0.997868
0.982759
0.998421
0.997194
1.000000
1.000000
0.999209
0.999083
0.998506
0.999070
0.999139
1.000000
0.999226
0.999117
0.999191
0.998249
0.999161
1.000000
0.999029
0.998244
0.998315
1.000000
0.996914
1.000000
0.997368
0.996923
0.995536
1.000000
0.998239
0.996000
1.000000
1.000000
1.000000
0.994681
1.000000
0.996825
1.000000
1.000000
1.000000
0.996124
0.998983
0.996988
1.000000
0.992000
1.000000
0.990741
0.992126
0.991304
0.997423
0.993127
1.000000
0.992857
0.990881
0.997211
0.995169
0.997917
0.995851
0.996269
0.991803
1.000000
0.995798
0.997802
1.000000
1.000000
0.997573
0.998945
1.000000
1.000000
0.996047
0.996785
1.000000
0.956522
1.000000
0.996894
0.993671
0.994475
0.997207
0.997976
1.000000
1.000000
0.994302
1.000000
0.992509
0.996441
1.000000
1.000000
1.000000
0.997768
1.000000
0.991597
1.000000
0.990099
0.996914
1.000000
0.989474
1.000000
0.994819
1.000000
0.997773
1.000000
1.000000
1.000000
0.979592
0.943662
0.900000
0.960000
1.000000
0.989474
0.998917
0.997976
1.000000
1.000000
1.000000
0.998822
0.957746
0.987654
0.996868
1.000000
0.998950
0.993939
0.948718
0.998716
0.994723
0.994012
0.995392
1.000000
1.000000
0.909091
0.998299
0.994398
0.928571
1.000000
1.000000
0.998822
0.997155
0.996743
1.000000
0.995595
0.666667
1.000000
0.996997
0.785714
0.750000
0.990403
0.882353
0.997972
0.833333
0.769231
0.993884
0.000000
0.714286
0.909091
0.909091
0.996154
0.714286
0.714286
0.997354
0.857143
0.911765
0.000000
0.666667
0.400000
0.857143
0.736842
0.875000
0.000000
0.900000
0.666667
0.964286
0.888889
0.750000
0.875000
0.727273
0.823529
0.964286
0.571429
0.764706
0.772727
0.911765
0.800000
0.625000
0.933333
1.000000
1.000000
1.000000
1.000000
1.000000
1.000000
1.000000
1.000000
1.000000
1.000000
1.000000
1.000000
1.000000
1.000000
1.000000
1.000000
1.000000
1.000000
1.000000
1.000000
0.982609
0.995984
0.996226
0.994350
0.995842
0.996429
0.977273
0.998457
0.996845
0.995495
0.998573
1.000000
1.000000
0.994681
1.000000
1.000000
0.997732
1.000000
0.995968
0.997812
1.000000
1.000000
1.000000
1.000000
1.000000
1.000000
1.000000
0.999322
1.000000
1.000000
1.000000
0.999319
1.000000
1.000000
1.000000
1.000000
0.999249
1.000000
1.000000
1.000000
1.000000
1.000000
0.999309
1.000000
0.999271
0.999253
1.000000
1.000000
1.000000
1.000000
1.000000
1.000000
0.999281
1.000000
1.000000
0.999220
0.999378
1.000000
0.999336
1.000000
