0.995455
0.985185
0.991228
0.992308
0.995536
1.000000
0.990654
0.983871
0.985075
0.997326
1.000000
0.992063
0.995671
0.994737
0.991416
1.000000
1.000000
0.994186
0.985915
0.980392
0.994048
1.000000
1.000000
1.000000
1.000000
0.995763
0.993865
0.995951
0.987500
1.000000
0.993103
0.983607
0.994286
1.000000
1.000000
0.947368
1.000000
1.000000
1.000000
0.991150
0.996063
1.000000
1.000000
0.984848
1.000000
0.978495
0.993103
1.000000
0.995261
0.992857
1.000000
0.993902
1.000000
0.992754
0.985294
1.000000
0.993377
1.000000
1.000000
1.000000
0.993590
1.000000
0.995455
1.000000
1.000000
1.000000
1.000000
0.996622
0.988304
0.998884
0.996047
0.978947
1.000000
0.996732
1.000000
0.921053
0.990196
1.000000
1.000000
0.992958
0.998058
1.000000
0.998459
0.990476
0.996979
0.996667
1.000000
0.994429
0.984375
0.997238
1.000000
0.993103
0.997312
0.994350
0.995169
0.986928
0.996390
1.000000
1.000000
1.000000
0.982143
1.000000
1.000000
0.990291
0.996337
0.993902
1.000000
1.000000
0.972973
1.000000
1.000000
0.987952
1.000000
0.975610
1.000000
1.000000
0.996198
1.000000
1.000000
0.980392
0.989362
1.000000
1.000000
1.000000
1.000000
1.000000
0.995402
0.995690
1.000000
1.000000
0.996633
0.990291
1.000000
1.000000
0.993464
0.959184
0.996479
1.000000
1.000000
1.000000
1.000000
0.891892
0.981132
0.938462
0.992308
0.991968
0.987552
0.997409
0.962617
0.993056
0.975000
0.985294
0.991266
0.993421
0.985612
0.995349
0.982759
0.986014
0.995976
0.992218
1.000000
1.000000
0.995556
1.000000
1.000000
1.000000
1.000000
0.997403
0.988304
0.998636
0.996047
0.978947
1.000000
0.996000
1.000000
0.959184
0.991304
1.000000
1.000000
0.992958
0.998239
1.000000
1.000000
0.997416
0.983871
0.990338
1.000000
0.992248
1.000000
1.000000
1.000000
0.987013
0.991453
1.000000
1.000000
0.991071
0.993421
1.000000
0.978723
0.993976
0.996503
1.000000
0.993056
1.000000
0.993865
0.987500
0.991667
1.000000
1.000000
1.000000
1.000000
1.000000
0.995868
1.000000
1.000000
0.994012
1.000000
1.000000
0.991803
1.000000
0.994898
0.995968
0.995601
1.000000
0.997024
0.995859
1.000000
1.000000
0.998405
1.000000
1.000000
1.000000
1.000000
0.994975
1.000000
1.000000
1.000000
1.000000
0.994444
1.000000
0.997126
1.000000
1.000000
1.000000
0.989529
0.986726
0.993243
0.995000
0.986667
0.979452
0.994253
1.000000
0.977273
0.950000
0.988235
0.992647
0.974026
0.986667
0.969231
0.990741
0.989529
1.000000
1.000000
1.000000
1.000000
1.000000
1.000000
1.000000
1.000000
1.000000
0.996063
1.000000
1.000000
1.000000
1.000000
1.000000
0.997455
0.994681
1.000000
0.995708
0.996875
1.000000
1.000000
1.000000
1.000000
1.000000
1.000000
1.000000
1.000000
1.000000
1.000000
1.000000
1.000000
1.000000
1.000000
1.000000
1.000000
1.000000
1.000000
1.000000
1.000000
0.995968
0.996314
1.000000
0.997024
0.995643
1.000000
1.000000
0.998440
1.000000
1.000000
1.000000
1.000000
0.997135
1.000000
1.000000
1.000000
1.000000
0.991597
1.000000
0.996785
0.904762
0.857143
0.990566
1.000000
0.666667
0.333333
0.700000
0.996923
1.000000
0.666667
0.996296
0.400000
0.807692
1.000000
0.444444
0.333333
0.992147
0.750000
0.000000
0.800000
1.000000
1.000000
1.000000
1.000000
1.000000
1.000000
0.992727
0.992000
0.998233
0.996540
0.974026
1.000000
1.000000
1.000000
0.948718
0.991304
0.992126
1.000000
0.983333
0.998004
1.000000
0.995455
1.000000
1.000000
0.995745
0.996139
0.995851
0.987500
1.000000
0.993103
0.987578
0.995633
1.000000
1.000000
0.947368
1.000000
1.000000
1.000000
0.991150
0.994872
0.997214
0.991870
1.000000
0.991803
0.994382
1.000000
0.990698
1.000000
0.993939
0.980000
1.000000
1.000000
0.990798
1.000000
0.988166
1.000000
1.000000
0.997253
0.986842
0.993939
