0.996364
1.000000
1.000000
0.995556
0.987500
0.984375
0.992481
1.000000
0.996970
0.996429
1.000000
1.000000
1.000000
1.000000
0.988764
1.000000
1.000000
1.000000
1.000000
0.995851
0.995283
1.000000
0.994937
1.000000
1.000000
0.998162
0.994220
0.996743
0.998185
0.996350
1.000000
0.992366
0.994286
1.000000
0.991803
0.988439
0.998675
0.997333
1.000000
0.956522
0.992248
0.989011
0.984848
0.991228
1.000000
0.996094
0.992366
1.000000
0.996795
0.989011
0.981308
0.990385
1.000000
0.994536
1.000000
1.000000
1.000000
0.985294
1.000000
1.000000
0.996047
0.977778
1.000000
0.995951
1.000000
1.000000
0.990741
0.997579
1.000000
1.000000
1.000000
0.992908
0.995192
1.000000
1.000000
0.993631
1.000000
0.984375
1.000000
1.000000
0.987342
0.997436
0.998158
0.993865
1.000000
0.997468
1.000000
1.000000
1.000000
1.000000
0.980392
1.000000
0.993506
1.000000
1.000000
1.000000
1.000000
1.000000
0.996063
1.000000
1.000000
1.000000
1.000000
1.000000
0.981132
0.900000
1.000000
1.000000
1.000000
1.000000
0.991071
0.978261
0.900000
1.000000
1.000000
1.000000
1.000000
1.000000
1.000000
1.000000
1.000000
0.972973
0.989418
0.984962
1.000000
0.985714
1.000000
0.982609
0.970588
0.857143
0.916667
1.000000
0.989583
1.000000
0.994186
0.996558
0.975610
1.000000
0.986486
1.000000
0.945455
0.984848
1.000000
0.975610
1.000000
0.984375
1.000000
1.000000
1.000000
0.973684
0.958333
1.000000
1.000000
0.978723
0.990196
0.985294
0.714286
0.984848
0.981132
1.000000
0.990000
0.988235
0.985185
1.000000
1.000000
0.994350
0.995868
0.991632
1.000000
0.994286
0.982759
0.994318
0.977528
0.992188
0.991736
0.995402
1.000000
0.989691
1.000000
1.000000
0.985915
1.000000
0.998605
0.998971
0.997788
1.000000
0.983871
0.997988
1.000000
0.996129
1.000000
0.997992
0.998619
0.999053
0.997290
1.000000
0.998968
0.993651
0.989691
1.000000
0.993548
1.000000
1.000000
1.000000
1.000000
1.000000
0.997340
1.000000
0.992481
1.000000
1.000000
1.000000
0.993671
0.992395
0.988889
1.000000
0.992453
1.000000
0.993939
1.000000
1.000000
1.000000
1.000000
1.000000
1.000000
1.000000
1.000000
1.000000
1.000000
1.000000
1.000000
1.000000
1.000000
1.000000
1.000000
1.000000
1.000000
1.000000
1.000000
1.000000
0.990099
1.000000
0.991597
1.000000
0.987952
0.984962
1.000000
1.000000
0.992537
0.979592
0.991228
0.981481
0.987654
0.964286
1.000000
1.000000
1.000000
1.000000
0.990291
1.000000
0.988095
0.990099
0.991304
0.995122
1.000000
1.000000
1.000000
0.997500
0.990099
0.992481
1.000000
0.993750
0.948718
0.982456
0.996785
1.000000
1.000000
0.970149
0.994152
0.992248
0.989011
0.984848
0.991228
1.000000
0.996094
0.969697
1.000000
0.996795
0.992248
0.980198
0.990385
1.000000
1.000000
1.000000
0.990566
1.000000
0.985294
1.000000
1.000000
1.000000
0.985507
1.000000
1.000000
1.000000
1.000000
1.000000
1.000000
1.000000
1.000000
1.000000
1.000000
0.993865
1.000000
1.000000
1.000000
1.000000
1.000000
1.000000
1.000000
0.000000
0.750000
0.000000
0.916667
0.000000
0.714286
0.000000
0.923077
0.800000
0.909091
0.000000
0.000000
0.000000
0.888889
0.000000
0.888889
0.909091
0.000000
0.666667
0.944444
1.000000
1.000000
1.000000
1.000000
1.000000
1.000000
1.000000
1.000000
1.000000
1.000000
1.000000
1.000000
1.000000
1.000000
1.000000
1.000000
1.000000
1.000000
1.000000
1.000000
0.999118
0.998679
1.000000
1.000000
0.998594
1.000000
1.000000
1.000000
1.000000
0.999136
0.998865
0.999254
0.998024
0.999145
0.996960
0.998952
0.998553
1.000000
0.997947
1.000000
