1.000000
1.000000
1.000000
1.000000
1.000000
1.000000
1.000000
1.000000
1.000000
1.000000
1.000000
1.000000
1.000000
1.000000
1.000000
1.000000
1.000000
1.000000
1.000000
1.000000
0.998568
0.999246
1.000000
0.997694
0.998615
1.000000
1.000000
1.000000
0.999259
0.999295
0.999322
0.998566
1.000000
0.999285
0.999291
1.000000
1.000000
0.999273
0.998555
0.997226
1.000000
1.000000
1.000000
1.000000
0.998965
0.999052
0.999006
1.000000
0.999026
0.998982
0.998963
1.000000
1.000000
1.000000
0.999080
1.000000
0.999027
0.998986
1.000000
1.000000
1.000000
1.000000
1.000000
1.000000
1.000000
1.000000
1.000000
1.000000
1.000000
1.000000
1.000000
1.000000
1.000000
1.000000
1.000000
1.000000
1.000000
1.000000
1.000000
1.000000
0.999206
0.999260
0.999184
0.999225
0.997608
0.999201
0.999182
0.998289
0.996774
0.999170
1.000000
1.000000
0.999186
1.000000
0.998308
0.999176
0.999148
0.999116
0.997361
0.999155
1.000000
0.995896
0.996273
0.998932
1.000000
1.000000
0.997961
0.997222
0.997059
0.988095
0.998333
1.000000
0.996994
0.997110
1.000000
0.983333
0.998308
0.998795
0.999145
1.000000
1.000000
1.000000
1.000000
0.999101
1.000000
0.998976
0.998133
1.000000
0.999062
1.000000
0.998018
0.999084
0.999085
1.000000
1.000000
0.999120
0.999173
0.998238
1.000000
1.000000
1.000000
1.000000
1.000000
1.000000
1.000000
1.000000
1.000000
1.000000
1.000000
1.000000
1.000000
1.000000
1.000000
1.000000
1.000000
1.000000
1.000000
1.000000
1.000000
1.000000
1.000000
0.998472
0.999136
1.000000
1.000000
1.000000
0.999097
0.999051
0.999093
1.000000
0.999009
0.999059
1.000000
1.000000
1.000000
0.999121
1.000000
0.999014
1.000000
1.000000
0.993151
1.000000
0.998043
0.996370
1.000000
0.995868
0.997468
0.996960
0.997455
0.994949
0.987500
0.992556
0.997567
0.995633
0.994186
0.996540
0.995951
0.997104
0.998270
0.993363
0.999196
1.000000
0.998120
0.998602
0.998258
0.999145
0.998195
0.999172
0.999148
1.000000
0.999213
1.000000
1.000000
0.999168
1.000000
1.000000
0.998187
0.998529
0.998270
0.998451
0.999260
0.999230
0.999230
0.998533
1.000000
1.000000
0.997694
1.000000
0.999238
1.000000
1.000000
1.000000
0.997621
0.998561
0.999222
0.999261
0.999292
0.999247
0.999240
1.000000
1.000000
1.000000
1.000000
1.000000
0.999255
1.000000
1.000000
1.000000
0.999222
1.000000
0.999195
1.000000
1.000000
1.000000
1.000000
1.000000
0.999279
1.000000
0.999248
1.000000
1.000000
1.000000
1.000000
1.000000
1.000000
1.000000
1.000000
1.000000
1.000000
1.000000
1.000000
1.000000
1.000000
1.000000
1.000000
1.000000
1.000000
1.000000
1.000000
1.000000
0.995885
0.998152
0.997405
1.000000
1.000000
0.997036
1.000000
0.997427
0.999102
0.999011
0.999106
1.000000
0.998073
0.998018
0.998150
0.999075
0.998170
0.998073
0.998208
1.000000
0.998111
1.000000
0.998933
0.998155
0.998208
0.999072
1.000000
1.000000
0.998045
1.000000
0.998124
0.999113
0.999089
0.998252
0.997154
0.999178
0.999101
0.999005
1.000000
0.999129
0.999127
0.999219
0.999244
0.999101
0.999182
0.999231
0.999237
1.000000
1.000000
1.000000
0.999219
1.000000
1.000000
1.000000
0.999150
1.000000
0.999068
0.999145
0.999158
1.000000
0.998922
1.000000
0.995708
0.997773
0.999025
1.000000
0.994135
1.000000
0.996779
0.998440
0.998592
0.997159
0.998069
0.996795
1.000000
0.998437
0.994709
0.996835
0.989831
1.000000
1.000000
0.997118
0.995455
1.000000
0.996700
1.000000
1.000000
0.996587
0.997890
0.994819
1.000000
0.996212
1.000000
1.000000
0.994048
0.993243
0.997191
0.996262
1.000000
0.988950
1.000000
1.000000
1.000000
1.000000
0.998276
0.995536
1.000000
1.000000
1.000000
1.000000
1.000000
1.000000
1.000000
1.000000
1.000000
1.000000
1.000000
1.000000
1.000000
1.000000
1.000000
0.999236
1.000000
1.000000
0.999102
1.000000
0.999097
1.000000
0.999093
1.000000
0.999009
1.000000
0.999085
1.000000
1.000000
1.000000
1.000000
0.998081
1.000000
0.999041
1.000000
1.000000
1.000000
1.000000
1.000000
1.000000
0.997347
1.000000
1.000000
1.000000
1.000000
0.999097
1.000000
1.000000
1.000000
1.000000
1.000000
1.000000
1.000000
1.000000
1.000000
1.000000
0.999003
1.000000
0.998104
0.999006
1.000000
0.998053
0.998982
0.998954
1.000000
1.000000
1.000000
0.999057
1.000000
0.999027
0.998890
0.999031
1.000000
0.999026
0.998952
0.998073
0.999089
0.999046
0.999025
1.000000
1.000000
0.997797
0.999050
1.000000
1.000000
0.999023
0.998951
1.000000
0.999009
1.000000
0.999004
1.000000
0.998020
0.996785
1.000000
1.000000
1.000000
1.000000
1.000000
1.000000
1.000000
0.991150
1.000000
1.000000
1.000000
0.996678
1.000000
0.998035
1.000000
1.000000
1.000000
0.995074
1.000000
1.000000
1.000000
1.000000
1.000000
1.000000
1.000000
1.000000
0.998301
0.999204
1.000000
1.000000
0.999236
1.000000
1.000000
1.000000
1.000000
0.999197
1.000000
0.997470
1.000000
1.000000
1.000000
1.000000
1.000000
1.000000
1.000000
1.000000
1.000000
1.000000
1.000000
1.000000
1.000000
1.000000
1.000000
1.000000
1.000000
1.000000
1.000000
1.000000
1.000000
1.000000
1.000000
1.000000
1.000000
1.000000
0.997984
1.000000
1.000000
1.000000
1.000000
1.000000
1.000000
1.000000
1.000000
1.000000
1.000000
1.000000
1.000000
1.000000
1.000000
1.000000
1.000000
1.000000
1.000000
1.000000
1.000000
1.000000
1.000000
1.000000
1.000000
1.000000
1.000000
1.000000
1.000000
1.000000
1.000000
1.000000
1.000000
1.000000
1.000000
1.000000
1.000000
1.000000
1.000000
1.000000
1.000000
0.999249
1.000000
1.000000
1.000000
1.000000
1.000000
0.999257
1.000000
1.000000
1.000000
1.000000
1.000000
1.000000
0.999273
