0.921053
0.986928
0.964286
0.882353
0.993174
0.800000
0.967742
0.428571
0.750000
0.909091
0.985612
0.976378
0.928571
0.988024
0.984252
0.923077
0.937500
0.666667
0.974026
0.666667
0.800000
0.777778
0.666667
0.000000
0.000000
0.400000
0.000000
0.692308
0.000000
0.000000
0.727273
0.000000
0.000000
0.769231
0.000000
0.333333
0.555556
0.000000
0.666667
0.833333
0.400000
0.777778
0.666667
0.000000
0.000000
0.400000
0.000000
0.692308
0.000000
0.000000
0.727273
0.000000
0.000000
0.769231
0.000000
0.333333
0.555556
0.000000
0.666667
0.833333
0.921053
0.986928
0.964286
0.882353
0.989761
0.800000
0.967742
0.428571
0.750000
0.909091
0.985612
0.976378
0.928571
0.988024
0.984252
0.923077
0.937500
0.666667
0.974026
0.666667
0.921053
0.986928
0.964286
0.882353
0.989761
0.800000
0.967742
0.428571
0.750000
0.909091
0.985612
0.976378
0.928571
0.994012
0.984252
0.923077
0.937500
0.666667
0.974026
0.666667
1.000000
0.000000
0.995585
0.950000
0.997006
0.900000
0.000000
0.666667
0.996226
0.000000
0.991667
0.937500
0.944444
0.931034
0.993151
0.981928
0.875000
0.960000
0.714286
0.928571
0.826087
0.937500
0.925000
0.000000
0.948276
0.966667
0.891304
0.927273
0.942857
0.500000
0.951220
0.966292
0.958621
0.951807
0.939394
0.846154
0.952381
0.983957
0.964912
0.904762
0.947368
0.995816
0.998291
0.960000
1.000000
0.990991
0.987421
0.972222
0.991304
0.960784
0.990148
0.993007
0.995098
1.000000
0.984375
0.991111
0.979167
0.995690
0.974026
0.993333
0.400000
0.777778
0.666667
0.000000
0.000000
0.400000
0.000000
0.692308
0.000000
0.000000
0.727273
0.000000
0.000000
0.769231
0.000000
0.333333
0.555556
0.000000
0.666667
0.833333
0.400000
0.777778
0.666667
0.000000
0.000000
0.400000
0.000000
0.692308
0.000000
0.000000
0.727273
0.000000
0.000000
0.846154
0.000000
0.333333
0.555556
0.000000
0.666667
0.833333
0.000000
0.875000
0.909091
0.882353
0.928571
0.000000
0.913043
0.428571
0.000000
0.000000
0.875000
0.981132
0.928571
0.875000
0.909091
0.923077
0.933333
0.666667
0.916667
0.000000
0.826087
0.968750
0.925000
0.000000
0.948276
0.953333
0.869565
0.963636
0.911765
0.500000
0.951220
0.988764
0.971429
0.966292
0.936842
0.846154
0.952381
0.959459
0.947368
0.904762
0.992157
0.976048
0.995708
0.997884
0.957895
0.973958
0.840000
0.991304
0.995025
0.988806
0.983806
0.947368
0.937500
0.960396
0.777778
0.833333
0.898305
0.980769
0.985185
0.992701
0.000000
0.818182
0.333333
0.500000
0.890909
0.764706
0.000000
0.400000
0.666667
0.000000
0.625000
0.000000
0.857143
0.333333
0.000000
0.750000
0.600000
0.000000
0.875000
0.941176
0.000000
0.896552
0.923077
0.846154
0.947368
0.948052
0.920000
0.923077
0.000000
0.916667
0.750000
0.985507
0.916667
0.928571
0.750000
0.934783
0.961538
0.833333
0.956522
0.984848
0.978723
0.000000
0.875000
0.800000
0.928571
0.900000
0.989529
0.987342
0.981651
0.938776
0.980000
0.969231
0.600000
0.979695
0.866667
0.947368
0.894737
0.967742
0.979592
0.982759
0.996644
0.904762
0.992495
0.846154
0.995506
0.996829
0.964286
1.000000
0.987461
0.965517
0.985000
0.988372
0.977528
0.951724
0.975000
0.996259
0.988889
0.980000
0.956522
0.992780
0.897436
0.919355
0.972222
0.916667
0.952381
0.946429
0.818182
0.935897
0.000000
0.862069
0.903846
0.988095
0.933333
0.975610
0.850000
0.977778
0.949495
0.960784
0.930233
0.952055
0.989474
0.992736
0.997792
0.800000
0.995169
0.960784
0.970000
0.994203
0.928571
0.990991
0.961538
0.987179
0.989637
0.997425
0.995585
0.989071
0.995946
0.931034
0.989529
0.988636
0.000000
0.945205
0.833333
0.800000
0.888889
0.970588
0.925926
0.943396
0.000000
0.000000
0.750000
0.968750
0.857143
0.969697
0.000000
0.934783
0.916667
0.666667
0.807692
0.946429
0.921053
0.986928
0.964286
0.882353
0.989761
0.800000
0.967742
0.428571
0.750000
0.909091
0.985612
0.976378
0.928571
0.988024
0.984252
0.923077
0.937500
0.666667
0.974026
0.666667
0.826087
0.937500
0.925000
0.000000
0.948276
0.970414
0.956522
0.927273
0.885714
0.500000
0.902439
0.966292
0.965854
0.966292
0.939394
0.846154
0.952381
0.984211
0.929825
0.904762
0.727273
0.909091
0.984848
0.400000
0.800000
0.600000
0.941176
0.000000
0.894737
0.857143
0.866667
0.800000
0.925926
0.823529
0.000000
0.833333
0.846154
0.904762
0.882353
0.906250
0.947368
0.996923
0.998291
0.960000
0.993174
0.991549
0.987421
0.972222
0.991304
0.960784
0.993311
0.991561
0.995098
1.000000
0.984375
0.991111
0.979167
0.995690
0.974026
0.989744
0.921053
0.986928
0.964286
0.882353
0.989761
0.800000
0.967742
0.428571
0.750000
0.909091
0.985612
0.976378
0.928571
0.988024
0.984252
0.923077
0.937500
0.666667
0.974026
0.666667
