0.000000
0.903226
1.000000
0.954545
0.000000
0.965517
0.846154
0.866667
0.666667
0.875000
0.966667
0.500000
0.931034
0.888889
0.857143
0.777778
0.600000
0.000000
0.945946
1.000000
0.967742
0.000000
1.000000
1.000000
1.000000
1.000000
0.944444
1.000000
0.833333
1.000000
0.961538
1.000000
1.000000
1.000000
0.931034
1.000000
0.928571
1.000000
1.000000
0.980769
0.957447
0.985294
1.000000
0.979592
0.923077
1.000000
0.945946
1.000000
1.000000
0.988506
1.000000
1.000000
0.985075
0.923077
1.000000
1.000000
0.888889
0.928571
1.000000
0.974359
0.833333
1.000000
1.000000
1.000000
1.000000
0.977778
1.000000
0.975000
1.000000
0.000000
0.977273
1.000000
1.000000
1.000000
0.944444
1.000000
0.952381
1.000000
0.967742
1.000000
1.000000
0.666667
1.000000
0.937500
1.000000
1.000000
0.000000
0.979592
1.000000
1.000000
0.947368
0.989362
1.000000
1.000000
0.937500
0.941176
0.666667
0.954545
0.956522
1.000000
0.970588
1.000000
1.000000
1.000000
1.000000
0.000000
0.909091
1.000000
0.900000
1.000000
1.000000
0.969697
0.958333
1.000000
1.000000
0.971429
1.000000
1.000000
1.000000
0.888889
1.000000
1.000000
1.000000
1.000000
0.989247
0.972222
0.972222
0.987500
0.958333
0.875000
1.000000
1.000000
0.968750
1.000000
0.937500
1.000000
0.909091
0.985507
1.000000
1.000000
0.888889
1.000000
0.964286
1.000000
0.958333
1.000000
0.969697
1.000000
0.958333
1.000000
1.000000
1.000000
0.968750
0.833333
1.000000
1.000000
0.976190
1.000000
1.000000
0.975000
1.000000
0.923077
0.777778
1.000000
1.000000
1.000000
1.000000
1.000000
0.967742
0.952381
1.000000
0.800000
1.000000
1.000000
1.000000
1.000000
0.000000
0.954545
1.000000
0.666667
1.000000
0.968750
1.000000
0.975610
1.000000
0.944444
0.978261
1.000000
0.000000
1.000000
1.000000
1.000000
0.964286
0.750000
1.000000
0.958333
1.000000
1.000000
1.000000
1.000000
1.000000
1.000000
1.000000
1.000000
1.000000
1.000000
0.995283
0.993590
1.000000
1.000000
1.000000
1.000000
0.992032
1.000000
1.000000
1.000000
1.000000
0.944444
1.000000
1.000000
1.000000
1.000000
0.875000
1.000000
1.000000
1.000000
1.000000
1.000000
0.947368
1.000000
1.000000
1.000000
1.000000
0.000000
1.000000
1.000000
0.937500
0.866667
0.888889
1.000000
0.666667
0.884615
0.777778
0.500000
0.966667
1.000000
1.000000
0.000000
0.909091
0.956522
0.965517
0.933333
0.900000
0.857143
0.980769
0.875000
1.000000
0.666667
0.833333
1.000000
0.818182
0.894737
1.000000
0.750000
0.400000
0.666667
0.916667
0.666667
0.857143
1.000000
0.954545
1.000000
0.500000
1.000000
1.000000
0.937500
0.888889
1.000000
1.000000
1.000000
1.000000
0.888889
1.000000
0.916667
1.000000
1.000000
1.000000
0.000000
0.916667
1.000000
1.000000
1.000000
0.969697
0.600000
1.000000
1.000000
0.995050
1.000000
1.000000
0.916667
1.000000
1.000000
0.964706
1.000000
0.914286
1.000000
0.920000
0.986486
0.500000
1.000000
1.000000
0.990566
0.987654
1.000000
1.000000
1.000000
1.000000
1.000000
1.000000
1.000000
1.000000
1.000000
1.000000
1.000000
1.000000
1.000000
1.000000
1.000000
1.000000
1.000000
1.000000
1.000000
1.000000
1.000000
1.000000
1.000000
1.000000
1.000000
1.000000
0.971429
1.000000
0.916667
1.000000
1.000000
1.000000
1.000000
1.000000
0.973684
1.000000
0.909091
1.000000
0.000000
0.875000
1.000000
0.999380
1.000000
0.998803
1.000000
0.999408
1.000000
1.000000
0.999397
0.999408
1.000000
0.999392
0.999404
0.999394
1.000000
0.999351
1.000000
0.999402
0.999383
0.999374
1.000000
0.947368
0.000000
0.990991
0.888889
0.833333
0.857143
0.925926
0.972973
0.960000
0.979592
0.600000
0.948718
0.666667
0.956522
0.960000
0.777778
0.916667
0.000000
0.956522
0.909091
0.955556
0.985294
0.925926
0.953488
0.857143
0.000000
0.666667
0.909091
1.000000
0.916667
0.965517
0.971014
1.000000
0.986301
1.000000
0.990000
1.000000
0.888889
1.000000
1.000000
