0.993015
0.991313
0.995914
0.994329
0.992036
0.995885
0.995508
0.995931
0.993421
0.989087
0.991285
0.989011
0.991758
0.990426
0.988789
0.992149
0.993083
0.997220
0.993988
0.990234
0.990954
0.991870
0.996159
0.991614
0.993513
0.993595
0.994366
0.993927
0.993202
0.992857
0.991406
0.994920
0.993994
0.996206
0.993348
0.993564
0.997925
0.992007
0.992092
0.991770
0.995343
0.991313
0.994589
0.993528
0.991398
0.993276
0.994071
0.992784
0.989899
0.987065
0.991276
0.988648
0.991820
0.988577
0.992274
0.992149
0.993083
0.996063
0.994990
0.990234
0.993015
0.991313
0.995914
0.994329
0.992036
0.995885
0.995508
0.995931
0.993421
0.989087
0.991285
0.989011
0.991758
0.990426
0.988789
0.992149
0.993083
0.997220
0.993988
0.990234
0.986543
0.981261
0.985642
0.986639
0.986588
0.978836
0.980969
0.974002
0.980635
0.986038
0.986111
0.982885
0.985179
0.983347
0.986464
0.981132
0.981682
0.989723
0.980019
0.985997
0.993488
0.990934
0.990148
0.989785
0.992460
0.990366
0.987724
0.990584
0.990722
0.990709
0.989786
0.989796
0.992544
0.985437
0.991641
0.991346
0.995010
0.992374
0.990967
0.987988
0.994429
0.994450
0.994434
0.994112
0.994054
0.994146
0.995256
0.991533
0.993433
0.991674
0.996143
0.994403
0.991194
0.996248
0.997921
0.995726
0.996470
0.994924
0.993321
0.990798
0.993733
0.994234
0.997643
0.998534
0.998486
0.997651
0.997280
0.996894
0.997013
0.998264
0.996508
0.997802
0.997230
0.997706
0.998107
0.999349
0.998692
0.998935
0.997969
0.997364
0.997191
0.995375
0.995202
0.994547
0.990844
0.994253
0.997414
0.991541
0.993110
0.991674
0.996300
0.994615
0.992165
0.994746
0.993921
0.995292
0.993203
0.996891
0.992424
0.994291
0.996792
0.996940
0.995261
0.996649
0.995374
0.997453
0.995261
0.995763
0.995086
0.993191
0.997089
0.997299
0.993448
0.998307
0.995742
0.995778
0.996928
0.996118
0.997189
0.995420
0.990706
0.992070
0.991304
0.992550
0.990330
0.990126
0.986301
0.993574
0.986896
0.991877
0.989583
0.992543
0.993939
0.989610
0.991111
0.989164
0.991354
0.991620
0.993208
0.991023
0.996875
0.997438
0.994268
0.996372
0.994648
0.997483
0.995484
0.993603
0.995949
0.994994
0.996944
0.996540
0.996807
0.996321
0.995146
0.996889
0.997465
0.998025
1.000000
0.995575
0.987168
0.994665
0.990834
0.990548
0.991416
0.996444
0.992284
0.990783
0.991228
0.991988
0.994939
0.994332
0.997257
0.997035
0.991673
0.993617
0.993263
0.993022
0.992816
0.996174
0.999371
0.998147
0.998740
0.998759
1.000000
0.999346
0.998771
0.998102
0.999362
0.998093
0.998183
0.998710
0.999360
0.998132
0.999382
0.999382
0.999365
0.999348
0.999388
0.999371
0.983412
0.980825
0.986462
0.981576
0.977226
0.982125
0.981802
0.981575
0.982365
0.978604
0.986188
0.978095
0.980151
0.982944
0.979123
0.981514
0.982966
0.984432
0.982317
0.978062
0.995536
0.995500
0.996910
0.990894
0.991379
0.996429
0.998222
0.995981
0.996599
0.994851
0.999091
0.994599
0.994673
0.997280
0.996808
0.996400
0.997310
0.998192
0.997561
0.995857
0.985988
0.980026
0.985497
0.989619
0.982562
0.982906
0.981389
0.983312
0.987160
0.986111
0.989967
0.972927
0.981590
0.982143
0.981553
0.980687
0.981685
0.984556
0.981622
0.982202
0.995434
0.991133
0.989777
0.996071
0.996146
0.994840
0.995606
0.995409
0.991853
0.996914
0.992256
0.991878
0.995392
0.996258
0.992481
0.995247
0.994129
0.993333
0.993314
0.995131
0.995425
0.990089
0.992188
0.999026
0.991877
0.991906
0.992857
0.988776
0.986421
0.994955
0.989423
0.991329
0.990357
0.995789
0.993301
0.992344
0.990719
0.995680
0.990664
0.989289
0.989474
0.987805
0.987379
0.983884
0.990174
0.983230
0.989083
0.990318
0.991359
0.991431
0.991620
0.992176
0.988124
0.985874
0.990189
0.987384
0.987558
0.988563
0.993016
0.989144
0.997191
0.993525
0.996161
0.994547
0.988798
0.994253
0.996198
0.989662
0.989765
0.994409
0.996300
0.993846
0.993144
0.994746
0.993921
0.996234
0.994053
0.996891
0.990009
0.993340
0.991087
0.989176
0.984110
0.994490
0.992040
0.992098
0.993506
0.992976
0.992071
0.989572
0.995560
0.992014
0.994715
0.992481
0.992919
0.995204
0.992780
0.989785
0.993433
0.995610
0.994179
0.991313
0.993506
0.992449
0.991398
0.994236
0.992095
0.991753
0.989899
0.987065
0.991276
0.987616
0.991820
0.990426
0.991170
0.992149
0.993083
0.995079
0.994990
0.990234
0.993157
0.987952
0.997745
0.995054
0.994813
0.991091
0.990731
0.990499
0.992308
0.989518
0.993827
0.998158
0.996907
0.993314
0.987629
0.992032
0.994325
0.994536
0.993827
0.989927
0.991605
0.986183
0.987452
0.988072
0.980132
0.988203
0.984587
0.982370
0.987915
0.986264
0.986628
0.985116
0.985573
0.984587
0.985930
0.986097
0.985915
0.987474
0.983624
0.984861
0.996157
0.997917
0.994669
0.994764
0.996513
0.998532
0.996212
0.995588
0.994326
0.995199
0.995662
0.996779
0.994433
0.993898
0.998358
0.996057
0.994169
0.997354
0.993944
0.996930
0.998087
0.999382
0.998729
0.999386
0.998173
0.999358
0.998748
0.999360
0.999375
1.000000
0.999397
0.997557
0.998737
0.998104
0.999387
0.998739
0.999374
0.996923
0.999373
0.998759
0.994220
0.990249
0.990282
0.994331
0.991878
0.993346
0.983511
0.993617
0.987135
0.990010
0.987590
0.986081
0.987595
0.988293
0.996008
0.992222
0.986193
0.987474
0.989341
0.982086
0.987288
0.982609
0.986472
0.983140
0.988119
0.990805
0.988601
0.982379
0.992593
0.989282
0.985887
0.981215
0.992063
0.983963
0.988277
0.986922
0.977726
0.988789
0.992056
0.987718
0.993151
0.992718
0.989313
0.991654
0.989140
0.986088
0.987858
0.995508
0.991852
0.989574
0.994364
0.990262
0.986762
0.992206
0.990299
0.992765
0.988095
0.991679
0.990833
0.992958
