0.000000
0.956284
0.500000
0.986364
0.000000
0.870968
0.384615
0.533333
0.333333
0.375000
0.993528
0.333333
0.571429
0.994919
0.611111
0.285714
0.444444
0.400000
0.000000
0.729730
0.990919
0.989184
0.990664
0.985998
0.981378
0.986942
0.981797
0.986193
0.986486
0.994903
0.990775
0.980483
0.990615
0.981973
0.989547
0.989662
0.990088
0.981191
0.991333
0.990440
0.974502
0.978788
0.978423
0.977003
0.984551
0.981427
0.986790
0.983321
0.984236
0.988610
0.985868
0.983513
0.978894
0.984778
0.977444
0.978184
0.982400
0.981638
0.981975
0.978487
0.571429
0.993881
0.994536
0.333333
0.995279
0.993049
0.994971
0.995540
0.996271
0.996622
0.998627
0.997547
0.994652
0.970297
0.890244
0.995942
0.997039
0.991935
0.994334
0.994769
0.988889
0.985866
0.987682
0.985311
0.990674
0.990644
0.985830
0.992835
0.987514
0.993039
0.985210
0.993151
0.985900
0.982206
0.991570
0.993555
0.988625
0.992692
0.985680
0.984375
0.000000
0.772727
0.826087
0.982759
0.998073
0.995531
0.993457
0.997033
0.996904
0.789474
0.996473
0.995781
0.700000
0.994589
0.998160
0.993737
0.994146
0.997227
0.996785
0.998170
0.995628
0.997863
0.995652
0.993782
0.996310
0.997805
0.996859
0.993341
0.996614
0.996198
0.996872
0.997845
0.995976
0.996347
0.998002
0.996319
0.995694
0.996825
0.997579
0.994536
0.998010
0.997093
0.995935
0.996894
0.997970
0.997148
0.994888
0.996795
0.995005
0.994687
0.997359
0.996868
0.993446
0.998277
0.996128
0.995127
0.996337
0.994286
0.995622
0.996165
0.994145
0.995068
0.996760
0.997655
0.994245
0.995272
0.995647
0.995984
0.995455
0.997459
0.993251
0.996341
1.000000
0.996319
0.996437
0.997452
0.997537
0.993473
0.994943
0.996479
0.000000
0.909091
0.857143
0.996437
0.995037
0.992198
0.997699
0.997452
0.994543
0.666667
0.994019
0.997509
0.800000
0.996231
0.996273
0.996005
0.996292
0.996479
0.996119
0.995526
0.964659
0.974210
0.963822
0.963102
0.970474
0.965759
0.972419
0.973958
0.960838
0.965826
0.977077
0.973134
0.971470
0.965404
0.973625
0.973037
0.967862
0.971783
0.981102
0.965873
0.994614
0.988182
0.991313
0.990586
0.991885
0.989059
0.989796
0.989120
0.985130
0.981287
0.984375
0.991811
0.989529
0.990179
0.988458
0.986207
0.986111
0.990323
0.991080
0.988889
0.994550
0.600000
0.600000
0.500000
0.995624
0.769231
0.333333
0.000000
0.995370
0.666667
0.998950
0.000000
0.454545
0.996278
0.793103
1.000000
0.997680
0.998674
0.642857
0.998852
0.000000
0.976471
0.979253
0.879310
0.966192
0.454545
0.631579
0.983709
0.000000
0.000000
0.992180
0.880000
0.333333
0.977901
0.966667
0.545455
0.990946
0.500000
0.972652
0.566667
0.988988
0.990598
0.991809
0.991042
0.997024
0.986761
0.991756
0.993410
0.992851
0.992543
0.987796
0.992355
0.995929
0.988662
0.993811
0.989641
0.995708
0.989492
0.990099
0.991525
0.964521
0.925087
0.920742
0.925385
0.956745
0.888188
0.926095
0.922724
0.939690
0.909881
0.906822
0.948492
0.901432
0.892784
0.928980
0.908364
0.952041
0.934169
0.896727
0.907876
0.997875
1.000000
0.998822
1.000000
0.996390
0.997740
1.000000
1.000000
1.000000
1.000000
0.998940
1.000000
1.000000
0.997854
0.998851
0.997669
0.997783
0.998913
0.998906
1.000000
0.991718
0.993915
0.987487
0.985900
0.985755
0.987355
0.988315
0.990091
0.992203
0.989341
0.982120
0.987533
0.990249
0.991018
0.989786
0.988273
0.940397
0.986914
0.881356
0.991477
0.995682
0.992758
0.993108
0.992705
0.993950
0.991950
0.992375
0.993906
0.987578
0.995765
0.993987
0.994076
0.995163
0.994519
0.995833
0.995798
0.987988
0.991905
0.989124
0.992705
0.763158
0.000000
0.921429
0.592593
0.333333
0.285714
0.444444
0.985787
0.727273
0.989286
0.000000
0.743590
0.000000
0.521739
0.666667
0.444444
0.583333
0.000000
0.898551
0.636364
0.968549
0.967473
0.985037
0.978038
0.979530
0.979945
0.988281
0.971131
0.977011
0.976012
0.962085
0.962755
0.972404
0.975706
0.958604
0.966870
0.971119
0.969121
0.977617
0.962989
