0.960041
0.972683
0.972885
0.970044
0.967936
0.964286
0.970433
0.967380
0.972945
0.966046
0.976670
0.956624
0.958378
0.966270
0.969543
0.959854
0.970115
0.961039
0.978889
0.971569
0.975000
0.952880
0.959420
0.940268
0.966255
0.952434
0.956790
0.946154
0.956563
0.963680
0.951417
0.949791
0.944395
0.958586
0.959637
0.962406
0.959111
0.965351
0.951830
0.938235
0.948240
0.956035
0.953416
0.939197
0.947314
0.958874
0.955780
0.944849
0.935455
0.938283
0.966130
0.937500
0.947971
0.930783
0.941558
0.934762
0.936565
0.939819
0.957836
0.958422
0.950860
0.968725
0.968958
0.970324
0.979983
0.976331
0.972947
0.972000
0.965887
0.975891
0.964097
0.956159
0.973173
0.980189
0.970772
0.976357
0.974545
0.964633
0.969444
0.966169
0.976483
0.947479
0.945529
0.960728
0.957732
0.955577
0.965164
0.955713
0.970065
0.964727
0.962037
0.969727
0.960946
0.960265
0.961905
0.952435
0.950000
0.964684
0.961905
0.965372
0.953191
0.991080
0.989427
0.988496
0.995648
0.993344
0.986619
0.989474
0.992505
0.991928
0.993739
0.992112
0.992687
0.990975
0.992551
0.993596
0.994088
0.987701
0.993994
0.991319
0.994350
0.960289
0.960114
0.957991
0.975913
0.953714
0.951807
0.949948
0.962694
0.956226
0.956157
0.950644
0.949248
0.953930
0.943975
0.954964
0.962803
0.954121
0.953082
0.941454
0.942431
0.964368
0.966839
0.974624
0.964789
0.976109
0.971143
0.976721
0.968489
0.968135
0.979512
0.970514
0.976679
0.971762
0.966790
0.969488
0.979633
0.969486
0.972921
0.981584
0.979642
0.969244
0.972777
0.970324
0.974979
0.975104
0.974093
0.970000
0.966862
0.976939
0.963955
0.970588
0.970974
0.979245
0.976744
0.975382
0.966403
0.966401
0.966516
0.968159
0.981595
0.974406
0.938444
0.966631
0.950237
0.966161
0.950455
0.967777
0.961353
0.963489
0.943705
0.959366
0.969031
0.945674
0.945521
0.962882
0.959555
0.966173
0.967839
0.961373
0.950464
0.941230
0.942438
0.945190
0.945335
0.949153
0.950404
0.953488
0.955556
0.945607
0.946712
0.930392
0.924453
0.937310
0.939099
0.945684
0.941591
0.940763
0.960875
0.954839
0.928279
0.947170
0.946413
0.939156
0.941565
0.953390
0.956808
0.964036
0.969907
0.948004
0.954338
0.972067
0.936898
0.945175
0.957500
0.946356
0.955768
0.956244
0.962818
0.942623
0.949380
0.973953
0.966667
0.968159
0.976378
0.967294
0.965909
0.968495
0.978703
0.969754
0.975657
0.982812
0.958555
0.972603
0.966179
0.961732
0.974592
0.976232
0.981422
0.969231
0.974900
0.970464
0.953765
0.954802
0.967136
0.965385
0.964803
0.957073
0.948589
0.958065
0.961864
0.960725
0.960905
0.960703
0.956614
0.941315
0.954098
0.968774
0.969154
0.968412
0.953289
0.285714
0.965333
0.965881
0.972385
0.500000
0.970822
0.973312
0.333333
0.969369
0.400000
0.972201
0.676471
0.000000
0.968582
0.971296
0.968473
0.333333
0.645161
0.978705
0.500000
0.945409
0.944685
0.940344
0.944392
0.953157
0.955869
0.961039
0.969136
0.943970
0.955479
0.971369
0.932323
0.945770
0.940439
0.946168
0.956345
0.957156
0.964807
0.938650
0.959420
0.500000
0.476190
0.974187
0.960042
0.333333
0.000000
0.200000
0.975369
0.974752
0.166667
0.955224
0.000000
0.384615
0.965203
0.444444
0.333333
0.956740
0.437500
0.000000
0.450000
0.957447
0.964349
0.961039
0.975885
0.968313
0.957346
0.946789
0.967391
0.960552
0.952899
0.954214
0.950375
0.954743
0.949299
0.961223
0.960369
0.970175
0.955366
0.949958
0.966055
0.940162
0.961957
0.945918
0.967901
0.963600
0.958580
0.951613
0.944507
0.963680
0.958918
0.950055
0.944964
0.958812
0.962664
0.958772
0.962894
0.968574
0.952463
0.942157
0.950311
0.989272
0.988995
0.989521
0.990790
0.989224
0.991672
0.989396
0.993171
0.989770
0.993620
0.991622
0.988827
0.986341
0.992361
0.987069
0.992046
0.985441
0.983800
0.992228
0.993211
