0.756757
0.970492
0.821429
0.647059
0.969620
0.000000
0.838710
0.285714
0.000000
0.772727
0.861111
0.890511
0.642857
0.828125
0.947020
0.692308
0.750000
0.000000
0.921053
0.333333
0.600000
0.777778
0.666667
0.000000
0.000000
0.000000
0.000000
0.538462
0.000000
0.000000
0.636364
0.000000
0.000000
0.615385
0.000000
0.333333
0.555556
0.000000
0.333333
0.666667
0.400000
0.777778
0.666667
0.000000
0.000000
0.000000
0.000000
0.538462
0.000000
0.000000
0.636364
0.000000
0.000000
0.615385
0.000000
0.333333
0.555556
0.000000
0.333333
0.666667
0.783784
0.983789
0.857143
0.647059
0.969620
0.000000
0.838710
0.285714
0.000000
0.727273
0.805556
0.919708
0.642857
0.796875
0.947020
0.692308
0.625000
0.000000
0.907895
0.333333
0.783784
0.987842
0.857143
0.647059
0.972152
0.000000
0.838710
0.285714
0.000000
0.727273
0.861111
0.905109
0.642857
0.812500
0.947020
0.692308
0.750000
0.000000
0.921053
0.333333
0.858491
0.000000
0.969697
0.700000
0.972222
0.700000
0.000000
0.000000
0.982812
0.000000
0.956000
0.625000
0.611111
0.827586
0.949275
0.934911
0.833333
0.800000
0.000000
0.785714
0.565217
0.796875
0.717949
0.000000
0.860465
0.876623
0.739130
0.781818
0.844262
0.300000
0.682927
0.948498
0.937695
0.900000
0.933333
0.307692
0.682927
0.951724
0.842105
0.761905
0.810811
0.985294
0.974299
0.823529
0.982278
0.963235
0.958128
0.942529
0.931579
0.928571
0.938144
0.935135
0.942623
0.843750
0.994179
0.901235
0.815789
0.905172
0.953271
0.978339
0.400000
0.777778
0.666667
0.000000
0.000000
0.000000
0.000000
0.538462
0.000000
0.000000
0.636364
0.000000
0.000000
0.692308
0.000000
0.333333
0.555556
0.000000
0.333333
0.666667
0.400000
0.777778
0.666667
0.000000
0.000000
0.000000
0.000000
0.538462
0.000000
0.000000
0.636364
0.000000
0.000000
0.615385
0.000000
0.333333
0.555556
0.000000
0.333333
0.666667
0.000000
0.687500
0.363636
0.647059
0.571429
0.000000
0.695652
0.285714
0.000000
0.000000
0.375000
0.886792
0.642857
0.250000
0.636364
0.692308
0.666667
0.000000
0.833333
0.000000
0.652174
0.859375
0.717949
0.000000
0.883721
0.922078
0.804348
0.781818
0.685714
0.300000
0.682927
0.948498
0.953271
0.866667
0.933333
0.307692
0.707317
0.983254
0.807018
0.761905
0.938650
0.917431
0.942935
0.953039
0.911917
0.924138
0.480000
0.914634
0.929577
0.919463
0.878116
0.824561
0.687500
0.857143
0.555556
0.500000
0.796610
0.769231
0.946429
0.914956
0.000000
0.409091
0.000000
0.000000
0.588235
0.294118
0.000000
0.000000
0.000000
0.000000
0.250000
0.000000
0.500000
0.000000
0.000000
0.166667
0.400000
0.000000
0.312500
0.676471
0.000000
0.758621
0.538462
0.538462
0.684211
0.905172
0.640000
0.615385
0.000000
0.500000
0.500000
0.965241
0.708333
0.642857
0.500000
0.739130
0.923077
0.500000
0.695652
0.906780
0.944444
0.000000
0.500000
0.200000
0.285714
0.300000
0.970149
0.881579
0.909091
0.816327
0.958763
0.861538
0.000000
0.940299
0.533333
0.684211
0.368421
0.754386
0.877551
0.957627
0.960870
0.809524
0.924138
0.538462
0.972495
0.887931
0.773585
0.980063
0.936170
0.922280
0.975610
0.976780
0.897727
0.842105
0.888889
0.930851
0.972947
0.967213
0.695652
0.990847
0.666667
0.870968
0.980573
0.900000
0.822581
0.785714
0.681818
0.883117
0.000000
0.724138
0.878049
0.979412
0.879699
0.756098
0.650000
0.890000
0.913636
0.892562
0.789474
0.934211
0.987645
0.882353
0.927778
0.400000
0.935644
0.901961
0.919192
0.976436
0.918367
0.948980
0.903846
0.982422
0.949853
0.946809
0.954357
0.857143
0.991168
0.827586
0.988860
0.979986
0.000000
0.833333
0.583333
0.400000
0.611111
0.911765
0.666667
0.846154
0.000000
0.000000
0.625000
0.859375
0.761905
0.818182
0.000000
0.847826
0.750000
0.666667
0.692308
0.892308
0.783784
0.982776
0.821429
0.647059
0.967089
0.000000
0.806452
0.285714
0.000000
0.727273
0.805556
0.897810
0.642857
0.828125
0.947020
0.692308
0.625000
0.000000
0.921053
0.333333
0.652174
0.812500
0.743590
0.000000
0.895349
0.851064
0.695652
0.800000
0.628571
0.300000
0.731707
0.944206
0.937695
0.900000
0.948148
0.307692
0.731707
0.960784
0.789474
0.761905
0.454545
0.727273
0.969697
0.000000
0.700000
0.400000
0.823529
0.000000
0.894737
0.857143
0.666667
0.400000
0.925926
0.705882
0.000000
0.833333
0.769231
0.857143
0.882353
0.906250
0.810811
0.982229
0.971963
0.823529
0.979747
0.955882
0.960591
0.942529
0.982353
0.916667
0.927835
0.935135
0.942623
0.859375
0.995343
0.901235
0.815789
0.905172
0.957944
0.969589
0.783784
0.983789
0.857143
0.647059
0.964557
0.000000
0.838710
0.285714
0.000000
0.727273
0.805556
0.897810
0.642857
0.812500
0.940397
0.692308
0.625000
0.000000
0.894737
0.333333
