1.000000
0.998344
0.999273
0.999250
1.000000
0.997451
0.996855
0.987805
0.999172
0.999168
0.999050
0.999211
0.999119
0.999320
0.998476
0.999119
1.000000
0.999236
0.999204
0.999192
0.997178
0.994835
0.996920
0.997278
0.997849
0.996409
0.996044
0.996086
0.996583
0.995540
0.993282
0.997824
0.999058
0.999168
0.997455
0.995575
0.991952
0.996128
0.997082
0.997899
0.995232
0.995169
0.997868
0.996359
0.997512
0.998773
0.998893
0.998768
0.991657
0.995187
0.998679
0.993614
0.992958
0.996689
1.000000
0.997633
0.998826
0.985075
0.993386
0.997468
0.996728
0.998999
0.999035
0.998897
0.997917
0.998862
0.997199
0.997758
0.996718
0.997974
0.997872
0.998880
0.995722
0.997753
0.996190
0.998802
0.997773
0.998967
0.996822
0.997843
0.998515
0.995181
0.998500
0.998680
0.996476
0.996285
0.998596
0.997898
0.997619
0.997063
0.997167
0.997181
0.997860
0.995585
0.998550
0.997699
0.998612
0.996850
0.997332
0.996180
0.998912
0.992806
0.997599
0.989886
0.995300
0.998966
0.997856
0.993902
0.995614
0.995595
0.995694
0.994312
0.997082
0.996681
0.995526
0.997974
0.998008
0.995490
0.995314
0.998970
0.995736
0.990268
0.996583
0.995633
0.995536
0.998937
0.999093
0.997809
0.995054
0.996575
0.285714
0.996051
0.995604
0.995851
0.993642
0.999092
0.996286
0.994419
0.989286
0.951456
0.996855
0.990968
0.994048
0.995508
0.996250
0.991803
0.998247
0.997901
0.996825
0.998794
0.997768
0.993651
0.996466
0.991886
0.997919
1.000000
0.997148
0.994521
0.994253
0.995565
0.996721
0.986006
0.988278
0.992893
0.990859
0.989201
0.995708
0.997079
0.991254
0.985573
0.993958
0.992746
0.997207
0.991974
0.992481
0.992838
0.989733
0.986667
0.989504
0.994652
0.996992
0.999238
0.996090
1.000000
0.997673
0.993852
0.994845
0.994778
0.997368
0.997093
0.994704
0.996935
0.999182
0.996435
0.994853
0.998259
0.998498
0.996928
0.996899
0.996572
0.995776
0.993205
0.993852
0.996393
0.995699
0.996942
0.997090
0.995776
0.997974
0.996901
0.996143
0.997750
0.996743
0.997317
0.998265
0.997835
0.998079
0.996985
0.996078
0.995713
0.998969
0.998941
1.000000
0.996086
0.997400
0.996340
1.000000
0.998308
0.999086
0.997151
1.000000
1.000000
0.998955
1.000000
1.000000
0.998053
0.994500
0.998974
0.997996
0.996781
0.998896
0.998106
0.997018
0.997936
0.996000
0.996183
0.995690
0.996075
0.998905
0.996795
0.997148
0.995614
0.997934
0.995590
0.997175
0.996396
0.995531
0.996778
0.993565
0.992986
0.997863
0.916667
0.977941
0.939130
1.000000
0.998062
0.892857
0.994965
0.977778
0.997314
0.994589
0.994792
0.998129
0.996473
0.997464
0.993090
0.997897
0.993681
0.909091
0.996364
0.995232
0.995169
0.997868
0.996359
0.997512
0.998773
0.998893
0.998768
0.991657
0.995187
0.998679
0.993614
0.992958
0.996689
1.000000
0.997633
0.998826
0.985075
0.993386
0.997468
1.000000
0.998010
1.000000
0.999085
0.999023
1.000000
0.998099
0.998973
0.996560
0.999001
1.000000
0.996575
0.999079
0.999002
1.000000
0.999065
1.000000
1.000000
0.999088
0.998947
0.000000
0.625000
0.000000
0.833333
0.000000
0.285714
0.000000
0.692308
0.000000
0.545455
0.000000
0.000000
0.000000
0.666667
0.000000
0.555556
0.818182
0.000000
0.500000
0.611111
1.000000
1.000000
1.000000
0.998814
0.998836
0.997658
0.998847
1.000000
1.000000
0.998883
0.998828
0.998902
0.997854
0.998812
0.998832
0.998737
1.000000
0.996829
1.000000
0.998786
0.998061
0.996540
0.997895
0.999287
0.997758
0.996496
0.996274
0.997744
0.995152
0.997224
0.998052
0.998672
0.996947
0.997756
1.000000
0.998018
0.996554
0.997922
0.996086
0.996198
