0.967166
0.980127
0.978472
0.967629
0.966455
0.971963
0.980628
0.971955
0.974412
0.974881
0.972877
0.974457
0.976728
0.968553
0.974008
0.976980
0.974729
0.977119
0.969440
0.974016
0.983173
0.974012
0.983626
0.989562
0.991536
0.983505
0.987328
0.984476
0.992265
0.988304
0.985870
0.985216
0.988095
0.989022
0.988290
0.978564
0.990249
0.987486
0.987903
0.990385
0.974725
0.976801
0.960854
0.965594
0.981609
0.966705
0.980392
0.961222
0.980834
0.969849
0.972194
0.971429
0.969095
0.968750
0.979766
0.975062
0.977350
0.970199
0.964657
0.968051
0.993566
0.994106
0.996029
0.991071
0.992736
0.988964
0.988582
0.992381
0.991659
0.991270
0.989226
0.990361
0.991404
0.991763
0.989710
0.990899
0.993664
0.994093
0.989646
0.993756
0.986129
0.987627
0.986239
0.984476
0.990220
0.980075
0.992027
0.990617
0.988622
0.989196
0.988081
0.983389
0.989853
0.987385
0.987599
0.987899
0.985258
0.985526
0.983571
0.986175
0.986532
0.979730
0.988082
0.993678
0.989496
0.986111
0.985685
0.987342
0.986503
0.992441
0.982517
0.989888
0.988701
0.988827
0.990654
0.986425
0.983589
0.984416
0.992383
0.986359
0.958463
0.976496
0.969422
0.978605
0.974444
0.973333
0.964773
0.968444
0.968348
0.974695
0.966162
0.972393
0.961496
0.975728
0.968205
0.972628
0.970760
0.957125
0.967513
0.975262
0.972004
0.980229
0.979873
0.968668
0.956472
0.967555
0.966357
0.971576
0.971031
0.972396
0.971647
0.965746
0.962329
0.969136
0.976769
0.964932
0.973739
0.966667
0.965094
0.960993
0.000000
0.555556
0.000000
0.000000
0.500000
0.000000
0.285714
0.000000
0.000000
0.000000
0.000000
0.727273
0.000000
0.000000
0.000000
0.500000
0.285714
0.000000
0.000000
0.000000
0.981208
0.982935
0.982896
0.983673
0.985823
0.991561
0.979052
0.982818
0.989703
0.984615
0.977755
0.979444
0.987864
0.986155
0.981891
0.985687
0.986381
0.989547
0.988397
0.984145
0.975654
0.000000
0.978281
0.760870
0.851852
0.550000
0.763158
0.976378
0.968571
0.970370
0.983562
0.965939
0.631579
0.606061
0.966486
0.979364
0.652174
0.966805
0.968330
0.974002
0.969353
0.950562
0.960847
0.971892
0.964413
0.963636
0.966330
0.976842
0.962635
0.966268
0.960193
0.970053
0.977958
0.966627
0.982318
0.969377
0.969262
0.968652
0.970917
0.971698
0.982617
0.986097
0.984095
0.984940
0.983920
0.980226
0.985549
0.973656
0.985248
0.978643
0.987387
0.979445
0.978802
0.978088
0.982619
0.981553
0.980541
0.978190
0.976631
0.989758
0.956726
0.969178
0.970938
0.966030
0.956850
0.954436
0.968073
0.967647
0.960000
0.979738
0.968172
0.961499
0.957929
0.965784
0.972919
0.958963
0.959271
0.951025
0.961492
0.975538
0.986030
0.989234
0.995333
0.974576
0.994069
0.988901
0.994512
0.985612
0.992968
0.992806
0.994253
0.992685
0.989967
0.989209
0.994930
0.987937
0.991041
0.989104
0.991170
0.988439
0.982405
0.975352
0.978495
0.982721
0.982935
0.968623
0.972107
0.967949
0.978495
0.857143
0.964930
0.978506
0.974138
0.985915
0.980263
0.980038
0.976122
0.979167
0.978882
0.988989
0.972770
0.973485
0.976937
0.981900
0.975904
0.979280
0.966829
0.961468
0.968326
0.983036
0.975000
0.971338
0.969753
0.983632
0.972656
0.976569
0.963801
0.985395
0.982921
0.986159
0.918367
0.992401
0.800000
0.988439
0.991228
0.992614
0.994904
0.986631
0.995582
0.986919
0.932331
0.993113
0.943662
0.924242
0.988796
0.990087
0.995311
0.943182
0.871795
0.994166
0.968750
0.969027
0.980916
0.970865
0.964856
0.681818
0.958008
0.977251
0.571429
0.975252
0.969808
0.966633
0.974542
0.978745
0.968750
0.958549
0.333333
0.962635
0.968691
0.642857
0.250000
0.961538
0.352941
0.857143
0.583333
0.384615
0.970726
0.000000
0.500000
0.363636
0.409091
0.775000
0.285714
0.214286
0.969182
0.285714
0.676471
0.000000
0.000000
0.400000
0.357143
0.473684
0.562500
0.000000
0.675000
0.000000
0.979519
0.500000
0.500000
0.375000
0.545455
0.470588
0.968750
0.285714
0.529412
0.500000
0.735294
0.350000
0.250000
0.466667
0.979769
0.980198
0.973257
0.978599
0.976768
0.968951
0.974200
0.974516
0.977390
0.974946
0.978659
0.970320
0.964931
0.963945
0.976293
0.973370
0.979325
0.981463
0.971875
0.986180
0.971831
0.972689
0.977419
0.979415
0.970488
0.981308
0.976139
0.967330
0.969765
0.975738
0.972789
0.975446
0.974283
0.967300
0.962360
0.982759
0.962889
0.975223
0.979945
0.974670
0.987179
0.967247
0.975505
0.977897
0.984127
0.981379
0.975244
0.982968
0.983425
0.983881
0.975375
0.979567
0.978371
0.973833
0.983679
0.974660
0.972569
0.973628
0.971117
0.985757
0.972874
0.956752
0.979071
0.973565
0.973707
0.976208
0.974878
0.973970
0.976789
0.951351
0.966921
0.965718
0.979798
0.980556
0.973262
0.959293
0.979347
0.969265
0.971528
0.988042
